mgc_rve_context_lcv "stdcell_425Lib" "dff" "layout" 2000
mgc_rve_highlight_index 0 "2" "#FFFF0000FFFF"
mgc_rve_layer "metal1"
mr 0.57 0.265 0.635 1.2425
mr 1.1325 0.4675 1.2675 0.5325
mr 2.1225 0.465 2.2575 0.53
mr 2.5975 0.465 2.7325 0.53
mr 4.0225 0.465 4.1575 0.53
mgc_rve_layer "metal2"
mp 12 0.5675 0.43 0.6375 0.43 0.6375 0.4625 4.1575 0.4625 4.1575 0.5325 1.2675 0.5325 1.2675 0.535 1.1325 0.535 1.1325 0.5325 0.6375 0.5325 0.6375 0.565 0.5675 0.565
mgc_rve_layer "poly"
mp 6 1.1625 0.4625 1.26 0.4625 1.26 1.2575 1.21 1.2575 1.21 0.5375 1.1625 0.5375
mp 8 2.1525 0.46 2.165 0.46 2.165 0.25 2.215 0.25 2.215 0.46 2.2275 0.46 2.2275 0.535 2.1525 0.535
mp 8 2.6275 0.46 2.64 0.46 2.64 0.25 2.69 0.25 2.69 0.46 2.7025 0.46 2.7025 0.535 2.6275 0.535
mp 6 4.0525 0.46 4.15 0.46 4.15 1.2575 4.1 1.2575 4.1 0.535 4.0525 0.535
mgc_rve_layer "psrcdrn"
mr 0.535 1.0275 0.635 1.2075
mgc_rve_layer "nsrcdrn"
mr 0.535 0.3 0.635 0.39
mgc_rve_zoom -0.241 0.0345 4.9335 1.473 1
