mgc_rve_context_lcv "bitslice_rv32Lib" "shift" "layout" 2000
mgc_rve_highlight_index 0 "1" "#FFFF0000FFFF"
mgc_rve_layer "metal1"
mr 0.075 0.595 0.14 0.73
mr 0.515 0.77 0.58 0.905
mr 0.775 0.41 0.84 0.545
mr 1.18 0.77 1.245 0.905
mr 1.44 0.41 1.505 0.545
mr 1.845 0.77 1.91 0.905
mr 2.105 0.41 2.17 0.545
mr 2.51 0.77 2.575 0.905
mr 2.77 0.41 2.835 0.545
mr 3.175 0.77 3.24 0.905
mr 3.435 0.41 3.5 0.545
mgc_rve_layer "metal2"
mp 44 0.0725 0.34 3.5025 0.34 3.5025 0.545 3.4325 0.545 3.4325 0.41 2.8375 0.41 2.8375 0.545 2.7675 0.545 2.7675 0.41 2.1725 0.41 2.1725 0.545 2.1025 0.545 2.1025 0.41 1.5075 0.41 1.5075 0.545 1.4375 0.545 1.4375 0.41 0.8425 0.41 0.8425 0.545 0.7725 0.545 0.7725 0.41 0.1425 0.41 0.1425 0.835 0.5125 0.835 0.5125 0.77 0.5825 0.77 0.5825 0.835 1.1775 0.835 1.1775 0.77 1.2475 0.77 1.2475 0.835 1.8425 0.835 1.8425 0.77 1.9125 0.77 1.9125 0.835 2.5075 0.835 2.5075 0.77 2.5775 0.77 2.5775 0.835 3.1725 0.835 3.1725 0.77 3.2425 0.77 3.2425 0.905 0.0725 0.905
mgc_rve_layer "poly"
mp 8 0.07 0.625 0.155 0.625 0.155 0.25 0.205 0.25 0.205 1.155 0.155 1.155 0.155 0.7 0.07 0.7
mp 8 0.51 0.8 0.585 0.8 0.585 0.875 0.5725 0.875 0.5725 1.155 0.5225 1.155 0.5225 0.875 0.51 0.875
mp 8 0.77 0.44 0.7825 0.44 0.7825 0.25 0.8325 0.25 0.8325 0.44 0.845 0.44 0.845 0.515 0.77 0.515
mp 8 1.175 0.8 1.25 0.8 1.25 0.875 1.2375 0.875 1.2375 1.155 1.1875 1.155 1.1875 0.875 1.175 0.875
mp 8 1.435 0.44 1.4475 0.44 1.4475 0.25 1.4975 0.25 1.4975 0.44 1.51 0.44 1.51 0.515 1.435 0.515
mp 8 1.84 0.8 1.915 0.8 1.915 0.875 1.9025 0.875 1.9025 1.155 1.8525 1.155 1.8525 0.875 1.84 0.875
mp 8 2.1 0.44 2.1125 0.44 2.1125 0.25 2.1625 0.25 2.1625 0.44 2.175 0.44 2.175 0.515 2.1 0.515
mp 8 2.505 0.8 2.58 0.8 2.58 0.875 2.5675 0.875 2.5675 1.155 2.5175 1.155 2.5175 0.875 2.505 0.875
mp 8 2.765 0.44 2.7775 0.44 2.7775 0.25 2.8275 0.25 2.8275 0.44 2.84 0.44 2.84 0.515 2.765 0.515
mp 8 3.17 0.8 3.245 0.8 3.245 0.875 3.2325 0.875 3.2325 1.155 3.1825 1.155 3.1825 0.875 3.17 0.875
mp 8 3.43 0.44 3.4425 0.44 3.4425 0.25 3.4925 0.25 3.4925 0.44 3.505 0.44 3.505 0.515 3.43 0.515
mgc_rve_zoom -0.666 0.0565 4.241 1.3485 1
